0 Untitled
0 Name: gravity.ldr
0 Author: MLCad
0 Unofficial Model
0 ROTATION CENTER 0 0 0 1 "Custom" 
0 ROTATION CONFIG 0 0
1 1 -160 24 -40 1 0 0 0 1 0 0 0 1 placa6x8.dat
1 1 0 24 -40 1 0 0 0 1 0 0 0 1 placa6x8.dat
1 1 0 24 80 1 0 0 0 1 0 0 0 1 placa6x8.dat
1 1 -160 24 80 1 0 0 0 1 0 0 0 1 placa6x8.dat
1 1 0 24 -160 1 0 0 0 1 0 0 0 1 placa6x8.dat
1 1 0 16 -180 1 0 0 0 1 0 0 0 1 placa6x8.dat
1 1 0 8 -180 1 0 0 0 1 0 0 0 1 placa6x8.dat
1 1 -160 24 -160 1 0 0 0 1 0 0 0 1 placa6x8.dat
1 0 240 24 200 -1 0 0 0 1 0 0 0 -1 placa4.dat
1 0 240 16 200 -1 0 0 0 1 0 0 0 -1 jacena8.dat
1 0 160 -8 200 -1 0 0 0 1 0 0 0 -1 jacena8.dat
1 0 0 -8 200 -1 0 0 0 1 0 0 0 -1 jacena8.dat
1 0 80 -32 200 -1 0 0 0 1 0 0 0 -1 jacena8.dat
1 0 80 -80 200 -1 0 0 0 1 0 0 0 -1 jacena8.dat
1 0 80 -128 200 -1 0 0 0 1 0 0 0 -1 jacena8.dat
1 0 240 -32 200 -1 0 0 0 1 0 0 0 -1 jacena8.dat
1 0 240 -80 200 -1 0 0 0 1 0 0 0 -1 jacena8.dat
1 0 240 -128 200 -1 0 0 0 1 0 0 0 -1 jacena8.dat
1 0 160 -56 200 -1 0 0 0 1 0 0 0 -1 jacena8.dat
1 0 160 -104 200 -1 0 0 0 1 0 0 0 -1 jacena8.dat
1 0 0 -56 200 -1 0 0 0 1 0 0 0 -1 jacena8.dat
1 0 0 -104 200 -1 0 0 0 1 0 0 0 -1 jacena8.dat
1 0 240 -8 200 -1 0 0 0 1 0 0 0 -1 jacena4.dat
1 0 240 -56 200 -1 0 0 0 1 0 0 0 -1 jacena4.dat
1 0 240 -104 200 -1 0 0 0 1 0 0 0 -1 jacena4.dat
1 0 80 16 200 -1 0 0 0 1 0 0 0 -1 jacena8.dat
1 0 -80 16 200 -1 0 0 0 1 0 0 0 -1 jacena4.dat
1 0 -140 16 -200 0 0 -1 0 1 0 1 0 0 jacena8.dat
1 0 -140 -8 20 0 0 -1 0 1 0 1 0 0 jacena8.dat
1 0 -140 -8 -140 0 0 -1 0 1 0 1 0 0 jacena8.dat
1 0 -140 -32 -40 0 0 -1 0 1 0 1 0 0 jacena8.dat
1 0 -140 -56 20 0 0 -1 0 1 0 1 0 0 jacena8.dat
1 0 -140 -56 -140 0 0 -1 0 1 0 1 0 0 jacena8.dat
1 0 -140 -32 -200 0 0 -1 0 1 0 1 0 0 jacena8.dat
1 0 -140 16 -40 0 0 -1 0 1 0 1 0 0 jacena8.dat
1 0 -150 16 170 0 0 -1 0 1 0 1 0 0 jacena1.dat
1 1 160 24 -200 1 0 0 0 1 0 0 0 1 placa4.dat
1 1 -140 16 -120 0 0 1 0 1 0 -1 0 0 placa4.dat
1 1 -140 8 -120 0 0 1 0 1 0 -1 0 0 placa4.dat
1 0 -80 16 100 0 0 -1 0 1 0 1 0 0 bald2x8.dat
1 0 -120 16 100 0 0 -1 0 1 0 1 0 0 bald2x8.dat
1 0 0 16 140 0 0 -1 0 1 0 1 0 0 bald2x4.dat
1 4 0 16 65 0 0 -1 0 1 0 1 0 0 placa1.dat
1 4 -25 16 35 0 0 -1 0 1 0 1 0 0 placa1.dat
1 0 60 16 160 1 0 0 0 1 0 0 0 1 bald2x4.dat
1 0 -40 16 140 0 0 -1 0 1 0 1 0 0 bald2x4.dat
1 0 -120 16 -20 0 0 -1 0 1 0 1 0 0 bald2x4.dat
1 1 -1.142 0 81.284 -0.707107 0 0.707107 0 1 0 -0.707107 0 -0.707107 bald2x3.dat
1 1 41.284 0 123.71 -0.707107 0 0.707107 0 1 0 -0.707107 0 -0.707107 bald2x3.dat
1 28 -43.568 0 38.857 -0.707107 0 0.707107 0 1 0 -0.707107 0 -0.707107 bald2x3.dat
1 28 -85.994 0 -3.569 -0.707107 0 0.707107 0 1 0 -0.707107 0 -0.707107 bald2x3.dat
1 28 -22.512 8 60.15 0.707107 0 0.707107 0 1 0 -0.707107 0 0.707107 proa6p.dat
1 1 -22.513 8 60.147 -0.707107 0 -0.707107 0 1 0 0.707107 0 -0.707107 proa6p.dat
1 1 160 24 -160 -1 0 0 0 1 0 0 0 -1 placa2x8.dat
1 0 -150 -8 -150 0 0 -1 0 1 0 1 0 0 jacena1.dat
1 0 -150 -56 -150 0 0 -1 0 1 0 1 0 0 jacena1.dat
1 0 -150 -80 130 0 0 -1 0 1 0 1 0 0 jacena1.dat
1 0 -150 -128 130 0 0 -1 0 1 0 1 0 0 jacena1.dat
1 0 -160 -32 180 1 0 0 0 1 0 0 0 1 jacena4.dat
1 0 -140 -32 120 0 0 -1 0 1 0 1 0 0 enganch2.dat
1 0 -132 -52 120 0 -1 0 -1 0 0 0 0 -1 bispqaba.dat
1 0 -126 -51 113.799 0 -0.707107 -0.707107 -1 0 0 0 0.707107 -0.707107 popa6p.dat
1 0 -132 -52 119.799 0 -0.707107 -0.707107 -1 0 0 0 0.707107 -0.707107 bispqarr.dat
1 15 -109.343 -52 142.415 0 -0.707107 -0.707107 -1 0 0 0 0.707107 -0.707107 popa4p.dat
1 0 -92.707 -32 136.092 0 -0.707107 -0.707107 -1 0 0 0 0.707107 -0.707107 bald2x2.dat
1 0 -140 -32 140 0 0 -1 0 1 0 1 0 0 jacena2.dat
1 0 -140 -8 -200 0 0 -1 0 1 0 1 0 0 jacena2.dat
1 0 -140 -56 -200 0 0 -1 0 1 0 1 0 0 jacena2.dat
1 0 -140 -80 -40 0 0 -1 0 1 0 1 0 0 jacena8.dat
1 0 -140 -80 -200 0 0 -1 0 1 0 1 0 0 jacena8.dat
1 0 -140 -104 20 0 0 -1 0 1 0 1 0 0 jacena8.dat
1 0 -140 -104 -140 0 0 -1 0 1 0 1 0 0 jacena8.dat
1 0 -150 -104 -150 0 0 -1 0 1 0 1 0 0 jacena1.dat
1 0 -140 -104 -200 0 0 -1 0 1 0 1 0 0 jacena2.dat
1 0 -140 -128 -40 0 0 -1 0 1 0 1 0 0 jacena8.dat
1 0 -140 -128 -200 0 0 -1 0 1 0 1 0 0 jacena8.dat
1 0 -160 -80 180 1 0 0 0 1 0 0 0 1 jacena4.dat
1 0 -160 -128 180 1 0 0 0 1 0 0 0 1 jacena4.dat
1 0 80 -176 200 -1 0 0 0 1 0 0 0 -1 jacena8.dat
1 0 240 -176 200 -1 0 0 0 1 0 0 0 -1 jacena8.dat
1 0 160 -152 200 -1 0 0 0 1 0 0 0 -1 jacena8.dat
1 0 0 -152 200 -1 0 0 0 1 0 0 0 -1 jacena8.dat
1 0 240 -152 200 -1 0 0 0 1 0 0 0 -1 jacena4.dat
1 0 -160 -176 180 1 0 0 0 1 0 0 0 1 jacena4.dat
1 0 80 -224 200 -1 0 0 0 1 0 0 0 -1 jacena8.dat
1 0 80 -272 200 -1 0 0 0 1 0 0 0 -1 jacena8.dat
1 0 240 -224 200 -1 0 0 0 1 0 0 0 -1 jacena8.dat
1 0 240 -272 200 -1 0 0 0 1 0 0 0 -1 jacena8.dat
1 0 -149.993 -256 169.598 -0.707107 0 0.707107 0 1 0 -0.707107 0 -0.707107 aspa.dat
1 0 160 -200 200 -1 0 0 0 1 0 0 0 -1 jacena8.dat
1 0 160 -248 200 -1 0 0 0 1 0 0 0 -1 jacena8.dat
1 0 0 -200 200 -1 0 0 0 1 0 0 0 -1 jacena8.dat
1 0 0 -248 200 -1 0 0 0 1 0 0 0 -1 jacena8.dat
1 0 0 -296 200 -1 0 0 0 1 0 0 0 -1 jacena8.dat
1 0 160 -296 200 -1 0 0 0 1 0 0 0 -1 jacena8.dat
1 0 80 -320 200 -1 0 0 0 1 0 0 0 -1 jacena8.dat
1 0 240 -320 200 -1 0 0 0 1 0 0 0 -1 jacena8.dat
1 0 240 -200 200 -1 0 0 0 1 0 0 0 -1 jacena4.dat
1 0 240 -248 200 -1 0 0 0 1 0 0 0 -1 jacena4.dat
1 0 240 -296 200 -1 0 0 0 1 0 0 0 -1 jacena4.dat
1 0 -160 -224 180 1 0 0 0 1 0 0 0 1 jacena4.dat
1 0 -160 -272 180 1 0 0 0 1 0 0 0 1 jacena4.dat
1 0 -160 -320 180 1 0 0 0 1 0 0 0 1 jacena4.dat
1 0 -60 -344 190 1 0 0 0 1 0 0 0 1 bald8.dat
1 0 100 -344 190 1 0 0 0 1 0 0 0 1 bald8.dat
1 0 210 -344 190 1 0 0 0 1 0 0 0 1 bald3.dat
1 0 -140 -80 140 0 0 -1 0 1 0 1 0 0 jacena2.dat
1 0 -140 -128 140 0 0 -1 0 1 0 1 0 0 jacena2.dat
1 0 -150 -176 130 0 0 -1 0 1 0 1 0 0 jacena1.dat
1 0 -140 -152 20 0 0 -1 0 1 0 1 0 0 jacena8.dat
1 0 -140 -152 -140 0 0 -1 0 1 0 1 0 0 jacena8.dat
1 0 -150 -152 -150 0 0 -1 0 1 0 1 0 0 jacena1.dat
1 0 -140 -152 -200 0 0 -1 0 1 0 1 0 0 jacena2.dat
1 0 -140 -176 -40 0 0 -1 0 1 0 1 0 0 jacena8.dat
1 0 -140 -176 -200 0 0 -1 0 1 0 1 0 0 jacena8.dat
1 0 -140 -176 140 0 0 -1 0 1 0 1 0 0 jacena2.dat
1 0 -150 -224 130 0 0 -1 0 1 0 1 0 0 jacena1.dat
1 0 -150 -272 130 0 0 -1 0 1 0 1 0 0 jacena1.dat
1 0 -150 -320 130 0 0 -1 0 1 0 1 0 0 jacena1.dat
1 0 -140 -200 20 0 0 -1 0 1 0 1 0 0 jacena8.dat
1 0 -140 -200 -140 0 0 -1 0 1 0 1 0 0 jacena8.dat
1 0 -140 -248 -140 0 0 -1 0 1 0 1 0 0 jacena8.dat
1 0 -150 -200 -150 0 0 -1 0 1 0 1 0 0 jacena1.dat
1 0 -150 -248 -150 0 0 -1 0 1 0 1 0 0 jacena1.dat
1 0 -150 -296 -150 0 0 -1 0 1 0 1 0 0 jacena1.dat
1 0 -140 -200 -200 0 0 -1 0 1 0 1 0 0 jacena2.dat
1 0 -140 -248 -200 0 0 -1 0 1 0 1 0 0 jacena2.dat
1 0 -140 -296 -200 0 0 -1 0 1 0 1 0 0 jacena2.dat
1 0 -140 -224 -40 0 0 -1 0 1 0 1 0 0 jacena8.dat
1 0 -160 -248 20 0 0 -1 0 1 0 1 0 0 jacena6.dat
1 0 -140 -224 -200 0 0 -1 0 1 0 1 0 0 jacena8.dat
1 0 -140 -272 -200 0 0 -1 0 1 0 1 0 0 jacena8.dat
1 0 -140 -320 -200 0 0 -1 0 1 0 1 0 0 jacena8.dat
1 0 -140 -272 -40 0 0 -1 0 1 0 1 0 0 jacena8.dat
1 0 -140 -320 -40 0 0 -1 0 1 0 1 0 0 jacena8.dat
1 0 -140 -296 20 0 0 -1 0 1 0 1 0 0 jacena8.dat
1 0 -140 -296 -140 0 0 -1 0 1 0 1 0 0 jacena8.dat
1 0 -140 -224 140 0 0 -1 0 1 0 1 0 0 jacena2.dat
1 0 -140 -272 140 0 0 -1 0 1 0 1 0 0 jacena2.dat
1 0 -140 -320 140 0 0 -1 0 1 0 1 0 0 jacena2.dat
1 0 -150 -344 120 0 0 -1 0 1 0 1 0 0 bald8.dat
1 0 -150 -344 -40 0 0 -1 0 1 0 1 0 0 bald8.dat
1 0 -150 -344 -160 0 0 -1 0 1 0 1 0 0 bald4.dat
1 0 -140 16 120 0 0 -1 0 1 0 1 0 0 jacena2.dat
1 0 -160 24 -160 0 0 1 0 1 0 -1 0 0 placa2.dat
1 1 -80 24 -160 -1 0 0 0 1 0 0 0 -1 placa2x3.dat
1 28 240 24 -60 0 0 -1 0 1 0 1 0 0 placa4x6.dat
1 28 240 16 -60 0 0 -1 0 1 0 1 0 0 placa4x6.dat
1 28 240 8 -60 0 0 -1 0 1 0 1 0 0 placa4x6.dat
1 28 240 24 -180 0 0 -1 0 1 0 1 0 0 placa4x6.dat
1 28 240 16 -180 0 0 -1 0 1 0 1 0 0 placa4x6.dat
1 28 240 8 -180 0 0 -1 0 1 0 1 0 0 placa4x6.dat
1 1 -120 8 -200 1 0 0 0 1 0 0 0 1 placa4x6.dat
1 1 -120 16 -200 1 0 0 0 1 0 0 0 1 placa4x6.dat
1 28 240 24 60 0 0 -1 0 1 0 1 0 0 placa4x6.dat
1 28 240 16 60 0 0 -1 0 1 0 1 0 0 placa4x6.dat
1 28 240 8 60 0 0 -1 0 1 0 1 0 0 placa4x6.dat
1 1 -40 24 -200 0 0 -1 0 1 0 1 0 0 placa2x2.dat
1 1 0 24 -200 0 0 -1 0 1 0 1 0 0 placa2x2.dat
1 1 150 16 60 0 0 -1 0 1 0 1 0 0 placa12.dat
1 1 150 8 60 0 0 -1 0 1 0 1 0 0 placa12.dat
1 1 130 8 60 0 0 -1 0 1 0 1 0 0 placa12.dat
1 1 110 8 60 0 0 -1 0 1 0 1 0 0 placa12.dat
1 1 120 16 -190 1 0 0 0 1 0 0 0 1 placa12.dat
1 1 120 8 -190 1 0 0 0 1 0 0 0 1 placa12.dat
1 1 130 16 60 0 0 -1 0 1 0 1 0 0 placa12.dat
1 1 110 16 60 0 0 -1 0 1 0 1 0 0 placa12.dat
1 1 -100 16 -120 0 0 -1 0 1 0 1 0 0 placa2x3.dat
1 1 -60 16 -120 0 0 -1 0 1 0 1 0 0 placa2x3.dat
1 1 -20 16 -120 0 0 -1 0 1 0 1 0 0 placa2x3.dat
1 1 -20 8 -120 0 0 -1 0 1 0 1 0 0 placa2x3.dat
1 1 -60 8 -120 0 0 -1 0 1 0 1 0 0 placa2x3.dat
1 1 -100 8 -120 0 0 -1 0 1 0 1 0 0 placa2x3.dat
1 1 100 8 -60 0 0 -1 0 1 0 1 0 0 placa2x3.dat
1 1 100 16 -60 0 0 -1 0 1 0 1 0 0 placa2x3.dat
1 1 60 16 -60 0 0 -1 0 1 0 1 0 0 placa2x3.dat
1 1 60 8 -60 0 0 -1 0 1 0 1 0 0 placa2x3.dat
1 1 100 8 0 0 0 -1 0 1 0 1 0 0 placa2x3.dat
1 1 100 16 0 0 0 -1 0 1 0 1 0 0 placa2x3.dat
1 1 100 16 60 0 0 -1 0 1 0 1 0 0 placa2.dat
1 1 100 8 60 0 0 -1 0 1 0 1 0 0 placa2.dat
1 1 60 8 0 0 0 -1 0 1 0 1 0 0 placa2.dat
1 1 60 16 0 0 0 -1 0 1 0 1 0 0 placa2.dat
1 1 20 16 -60 0 0 -1 0 1 0 1 0 0 placa2x2.dat
1 1 20 8 -60 0 0 -1 0 1 0 1 0 0 placa2x2.dat
1 1 -10 8 -90 0 0 -1 0 1 0 1 0 0 placa3.dat
1 1 -10 16 -90 0 0 -1 0 1 0 1 0 0 placa3.dat
1 28 220 0 100 0 0 -1 0 1 0 1 0 0 bald2x8.dat
1 1 180 0 100 0 0 -1 0 1 0 1 0 0 bald2x8.dat
1 1 140 0 100 0 0 -1 0 1 0 1 0 0 bald2x8.dat
1 28 220 0 -60 0 0 -1 0 1 0 1 0 0 bald2x8.dat
1 28 100 0 -100 0 0 -1 0 1 0 1 0 0 bald2x8.dat
1 28 60 0 -100 0 0 -1 0 1 0 1 0 0 bald2x8.dat
1 28 20 0 -100 0 0 -1 0 1 0 1 0 0 bald2x8.dat
1 28 190 0 -90 0 0 -1 0 1 0 1 0 0 bald3.dat
1 28 240 0 -160 0 0 -1 0 1 0 1 0 0 bald2.dat
1 28 140 0 -120 1 0 0 0 1 0 0 0 1 bald2.dat
1 1 200 0 -200 1 0 0 0 1 0 0 0 1 bald2.dat
1 1 120 0 -180 1 0 0 0 1 0 0 0 1 bald2.dat
1 1 180 0 -160 0 0 1 0 1 0 -1 0 0 bald2x4.dat
1 1 -20 0 -160 0 0 1 0 1 0 -1 0 0 bald2x4.dat
1 1 -60 0 -160 0 0 1 0 1 0 -1 0 0 bald2x4.dat
1 1 -100 0 -160 0 0 1 0 1 0 -1 0 0 bald2x4.dat
1 1 180 0 -20 0 0 1 0 1 0 -1 0 0 bald2x4.dat
1 1 140 0 -20 0 0 1 0 1 0 -1 0 0 bald2x4.dat
1 1 150 0 -150 0 0 1 0 1 0 -1 0 0 bald3.dat
1 1 170 0 -90 0 0 1 0 1 0 -1 0 0 bald3.dat
1 28 130 0 -100 0 0 1 0 1 0 -1 0 0 bald4.dat
1 28 -130 0 -80 0 0 1 0 1 0 -1 0 0 bald4.dat
1 28 240 0 -180 0 0 -1 0 1 0 1 0 0 bald1.dat
1 1 240 0 -200 0 0 -1 0 1 0 1 0 0 bald1.dat
1 1 160 0 -80 0 0 -1 0 1 0 1 0 0 bald1.dat
1 1 120 0 60 0 0 -1 0 1 0 1 0 0 bald1.dat
1 1 80 0 0 0 0 -1 0 1 0 1 0 0 bald1.dat
1 1 100 0 140 0 0 -1 0 1 0 1 0 0 bald2x4.dat
1 1 90 0 90 1 0 0 0 1 0 0 0 1 bald3.dat
1 1 50 0 40 1 0 0 0 1 0 0 0 1 bald2x3.dat
1 1 -30 0 -100 1 0 0 0 1 0 0 0 1 bald2x3.dat
1 1 -90 0 -100 1 0 0 0 1 0 0 0 1 bald2x3.dat
1 28 100 0 -20 0 0 -1 0 1 0 1 0 0 bald2.dat
1 1 80 0 60 0 0 -1 0 1 0 1 0 0 bald2.dat
1 1 110 0 20 0 0 -1 0 1 0 1 0 0 bald4.dat
1 1 -130 0 -160 0 0 -1 0 1 0 1 0 0 bald4.dat
1 28 80 0 40 1 0 0 0 1 0 0 0 1 bald2.dat
1 1 80 0 0 1 0 0 0 1 0 0 0 1 bald2.dat
1 28 -30 0 -40 1 0 0 0 1 0 0 0 1 bald2x3.dat
1 28 -90 0 -60 1 0 0 0 1 0 0 0 1 bald2x3.dat
1 28 20 0 0 1 0 0 0 1 0 0 0 1 bald2x4.dat
1 28 -30 0 -70 1 0 0 0 1 0 0 0 1 bald3.dat
1 1 80 0 -190 1 0 0 0 1 0 0 0 1 bald8.dat
1 0 -160 -248 160 1 0 0 0 1 0 0 0 1 placa1.dat
1 0 -160 -264 180 0 0 1 0 1 0 -1 0 0 placa2.dat
1 0 -160 -248 140 1 0 0 0 1 0 0 0 1 bald1.dat
1 0 19.392 -248 -13.736 0.707107 0 0.707107 0 1 0 -0.707107 0 0.707107 placa2.dat
1 0 62.225 -256 -28.284 -0.707107 0 -0.707107 0 1 0 0.707107 0 -0.707107 enganch2.dat
1 15 63.64 -257 -28.284 -0.707107 -0.707107 0 0 0 -1 0.707107 -0.707107 0 torremcr.dat
1 15 154.857 -277 119.502 0 -0.707107 -0.707107 1 0 0 0 -0.707107 0.707107 astronau.dat
1 0 33.638 -248 -28.284 0.707107 -0.707107 0 0 0 1 -0.707107 -0.707107 0 enganch2.dat
1 0 70.407 -188 -76.368 0 -0.707107 0.707107 -1 0 0 0 -0.707107 -0.707107 enganch2.dat
1 0 -60.701 -248 -62.611 1 0 0 0 -1 0 0 0 -1 enganch2.dat
1 15 -51 -219 -74.611 0.707107 0 0.707107 0 -1 0 0.707107 0 -0.707107 antnradr.dat
1 0 50.911 -248 -11.313 0.707107 -0.707107 0 0 0 1 -0.707107 -0.707107 0 placa4.dat
1 0 -60.67 -248 -61.94 1 0 0 0 0 1 0 -1 0 placa4.dat
1 0 87.797 -188 -59.396 0 -0.707107 0.707107 -1 0 0 0 -0.707107 -0.707107 placa4.dat
1 15 164.199 -238 -30.233 -0.707107 0.707107 0 0 0 -1 -0.707107 -0.707107 0 soprtmar.dat
1 15 102.531 -197 -58.689 0 0.707107 0.707107 -1 0 0 0 -0.707107 0.707107 mochila2.dat
1 15 100.409 -258 -60.103 0 -0.707107 -0.707107 1 0 0 0 -0.707107 0.707107 chimenea.dat
1 0 66.469 -198 -93.336 0 0.707107 -0.707107 -1 0 0 0 0.707107 0.707107 mastilm.dat
1 0 28.992 -238 -45.961 0 0.707107 -0.707107 -1 0 0 0 0.707107 0.707107 mastilm.dat
1 0 28.991 -238 -45.962 0 1 0 -1 0 0 0 0 1 mastilh.dat
1 0 66.468 -198 -93.339 0 1 0 -1 0 0 0 0 1 mastilh.dat
1 0 10 -238 -54 0 0 1 -1 0 0 0 -1 0 laser.dat
1 15 -2 -238 65 0 0 1 -1 0 0 0 -1 0 cilintap.dat
1 15 -51 -238 -73 0 0 1 0 1 0 -1 0 0 soprtmar.dat
1 15 -51 -262 -119 0 0 1 -1 0 0 0 -1 0 antninc2.dat
1 0 -21 -252 -129 -1 0 0 0 0 -1 0 -1 0 placa2.dat
1 15 19 -248 -86 0 0 -1 1 0 0 0 -1 0 alfazeta.dat
1 15 -1 -252 -153 -1 0 0 0 0 -1 0 -1 0 alfazeta.dat
1 15 -30 -238 -53 -1 0 0 0 0 -1 0 -1 0 piquito.dat
1 15 31.707 -169.412 -110 -0.707107 0 0.707107 -0.707107 0 -0.707107 0 -1 0 guardabr.dat
1 15 77.983 -197.696 -68.071 -0.5 0.707107 0.5 -0.707107 0 -0.707107 -0.5 -0.707107 0.5 sirena.dat
1 15 108.019 -238.295 -52.386 -0.5 -0.707107 0.5 -0.707107 0 -0.707107 0.5 -0.707107 -0.5 antninc2.dat
1 15 166.264 -229.942 -50.522 -0.347484 -0.571619 0.743308 -0.784862 0.611051 0.103001 -0.513076 -0.547603 -0.660972 alfasens.dat
1 15 210.385 -230.939 24.373 0.0619926 0.820283 0.568589 0.721155 0.357024 -0.593692 -0.689995 0.446845 -0.569418 cilindar.dat
0
