0 Torre de control
0 Name: Astro_0655_torrecontroltraficoorbital.ldr
0 Author: cpcbegin
0 Tente astro: Torre de control y trafico orbital
0 ROTATION CENTER 0 0 0 1 "Custom" 
0 ROTATION CONFIG 0 0
1 4 -130 0 -70 1 0 0 0 1 0 0 0 1 placa6x8.dat
1 4 30 0 -50 1 0 0 0 1 0 0 0 1 placa6x8.dat
1 4 30 0 -170 1 0 0 0 1 0 0 0 1 placa6x8.dat
1 1 -110 -8 -30 1 0 0 0 1 0 0 0 1 jacen2x8.dat
1 1 -110 -8 10 1 0 0 0 1 0 0 0 1 jacena2.dat
1 1 -110 -8 -50 1 0 0 0 1 0 0 0 1 jacena2.dat
1 1 130 -8 -30 1 0 0 0 1 0 0 0 1 jacen2x3.dat
1 1 110 -8 -150 1 0 0 0 1 0 0 0 1 jacen2x3.dat
1 1 50 -8 -150 1 0 0 0 1 0 0 0 1 jacen2x3.dat
1 1 50 -8 -30 1 0 0 0 1 0 0 0 1 jacen2x4.dat
1 1 90 -32 -30 0 0 -1 0 1 0 1 0 0 jacen2x4.dat
1 1 -70 -40 -50 0 0 -1 0 1 0 1 0 0 jacen2x4.dat
1 1 130 -32 -30 0 0 -1 0 1 0 1 0 0 jacen2x4.dat
1 1 130 -8 -110 0 0 -1 0 1 0 1 0 0 jacen2x4.dat
1 15 -50 -32 -30 0 0 -1 0 1 0 1 0 0 placa2x2.dat
1 15 -90 -32 -30 0 0 -1 0 1 0 1 0 0 placa2x2.dat
1 1 50 -8 10 1 0 0 0 1 0 0 0 1 jacen2x4.dat
1 15 -90 -32 -30 1 0 0 0 1 0 0 0 1 popa4p.dat
1 15 -90 -64 -30 1 0 0 0 1 0 0 0 1 popa4p.dat
1 15 -90 -32 10 -1 0 0 0 1 0 0 0 -1 popa4p.dat
1 1 -70 -72 -50 0 0 -1 0 1 0 1 0 0 jacen2x4.dat
1 15 -50 -64 -30 0 0 -1 0 1 0 1 0 0 placa2x2.dat
1 15 -90 -64 -30 0 0 -1 0 1 0 1 0 0 placa2x2.dat
1 15 -90 -64 10 -1 0 0 0 1 0 0 0 -1 popa4p.dat
1 15 -90 -96 -30 1 0 0 0 1 0 0 0 1 popa4p.dat
1 1 -70 -104 -50 0 0 -1 0 1 0 1 0 0 jacen2x4.dat
1 15 -50 -96 -30 0 0 -1 0 1 0 1 0 0 placa2x2.dat
1 15 -90 -96 -30 0 0 -1 0 1 0 1 0 0 placa2x2.dat
1 15 -90 -96 10 -1 0 0 0 1 0 0 0 -1 popa4p.dat
1 15 -90 -128 -30 1 0 0 0 1 0 0 0 1 popa4p.dat
1 1 -70 -136 -50 0 0 -1 0 1 0 1 0 0 jacen2x4.dat
1 15 -50 -128 -30 0 0 -1 0 1 0 1 0 0 placa2x2.dat
1 15 -70 -232 -30 0 0 -1 0 1 0 1 0 0 placa2x2.dat
1 15 -90 -128 -30 0 0 -1 0 1 0 1 0 0 placa2x2.dat
1 15 -90 -128 10 -1 0 0 0 1 0 0 0 -1 popa4p.dat
1 0 70 -32 -130 -1 0 0 0 1 0 0 0 -1 baldc4.dat
1 0 150 -32 -130 -1 0 0 0 1 0 0 0 -1 baldc4.dat
1 1 -90 -160 -10 -1 0 0 0 1 0 0 0 -1 cirrevol.dat
1 1 -90 -160 -10 1 0 0 0 1 0 0 0 1 cirrevol.dat
1 15 90 -56 10 1 0 0 0 1 0 0 0 1 semicupg.dat
1 40 90 -56 10 -1 0 0 0 1 0 0 0 -1 semicupg.dat
1 7 -90 -240 -10 -1 0 0 0 1 0 0 0 -1 amortigu.dat
1 46 180 -200 0 -1 0 0 0 1 0 0 0 -1 amortigu.dat
1 15 -90 -264 -10 1 0 0 0 1 0 0 0 1 panelast.dat
1 15 180 -32 0 -1 0 0 0 1 0 0 0 -1 cilindro.dat
1 1 180 -56 0 -1 0 0 0 1 0 0 0 -1 cilindro.dat
1 15 180 -80 0 -1 0 0 0 1 0 0 0 -1 cilindro.dat
1 1 180 -104 0 -1 0 0 0 1 0 0 0 -1 cilindro.dat
1 15 180 -128 0 -1 0 0 0 1 0 0 0 -1 cilindro.dat
1 15 180 -176 0 -1 0 0 0 1 0 0 0 -1 cilindro.dat
1 1 180 -152 0 -1 0 0 0 1 0 0 0 -1 cilindro.dat
0 MLCAD BTG nave
1 15 135.5 -94.393 -130 0 0.258819 -0.965926 0 0.965926 0.258819 1 0 0 popa4.dat
0 MLCAD BTG nave
1 1 154.819 -99.569 -150 0 0.258819 -0.965926 0 0.965926 0.258819 1 0 0 jacena2.dat
0 MLCAD BTG nave
1 1 245.199 -148.634 -109.999 -0.965926 0.258819 0 0.258819 0.965926 0 0 0 -1 placa2x8.dat
0 MLCAD BTG nave
1 15 90.651 -107.223 -130 0 0.258819 0.965926 0 0.965926 -0.258819 -1 0 0 popa4p.dat
0 MLCAD BTG nave
1 15 109.969 -112.399 -160 -0.965926 0.258819 0 0.258819 0.965926 0 0 0 -1 ancla1x2.dat
0 MLCAD BTG nave
1 15 109.969 -112.399 -100 -0.965926 0.258819 0 0.258819 0.965926 0 0 0 -1 ancla1x2.dat
0 MLCAD BTG nave
1 40 88.581 -114.949 -130 0 0.258819 -0.965926 0 0.965926 0.258819 1 0 0 semicupp.dat
0 MLCAD BTG nave
1 0 127.218 -125.302 -109.999 0 0.258819 0.965926 0 0.965926 -0.258819 -1 0 0 sillastr.dat
0 MLCAD BTG nave
1 0 243.129 -156.36 -130 -0.965926 0.258819 0 0.258819 0.965926 0 0 0 -1 sillastr.dat
0 MLCAD BTG nave
1 0 204.493 -146.007 -130 0.965926 0.258819 0 -0.258819 0.965926 0 0 0 1 sillastr.dat
0 MLCAD BTG nave
1 0 88.581 -114.95 -150.001 0.965926 0.258819 0 -0.258819 0.965926 0 0 0 1 bald2x2.dat
0 MLCAD BTG nave
1 1 189.176 -133.622 -150.001 0 0.965926 0.258819 0 -0.258819 0.965926 1 0 0 enganche.dat
0 MLCAD BTG nave
1 7 214.946 -130.174 -140.001 0 0.965926 0.258819 0 -0.258819 0.965926 1 0 0 amortigu.dat
0 MLCAD BTG nave
1 1 189.176 -133.623 -130 0 0.965926 0.258819 0 -0.258819 0.965926 1 0 0 enganche.dat
0 MLCAD BTG nave
1 7 214.946 -130.174 -119.999 0 0.965926 0.258819 0 -0.258819 0.965926 1 0 0 amortigu.dat
0 MLCAD BTG nave
1 14 111.865 -143.965 -130 0 0.258819 0.965926 0 0.965926 -0.258819 -1 0 0 astcuerv.dat
0 MLCAD BTG nave
1 14 116.245 -143.069 -130 0 -0.965926 0.258819 0 0.258819 0.965926 -1 0 0 astpierv.dat
0 GROUP 17 nave
0
