0 Untitled
0 Name: nave_interceptora.ldr
0 Author: MLCad
0 Unofficial Model
0 ROTATION CENTER 0 0 0 1 "Custom" 
0 ROTATION CONFIG 0 0
1 1 0 64 20 1 0 0 0 1 0 0 0 1 jacena8.dat
1 1 0 64 -80 1 0 0 0 1 0 0 0 1 jacena8.dat
1 1 0 64 40 1 0 0 0 1 0 0 0 1 intgalax.dat
1 1 160 64 -80 -1 0 0 0 1 0 0 0 -1 intgalax.dat
1 15 -60 64 -80 0 0 -1 0 1 0 1 0 0 jacena6.dat
1 15 -40 64 -60 1 0 0 0 1 0 0 0 1 rallado2.dat
1 15 0 64 20 -1 0 0 0 1 0 0 0 -1 rallado2.dat
1 15 0 32 20 -1 0 0 0 1 0 0 0 -1 bald2x2.dat
1 15 0 32 -20 -1 0 0 0 1 0 0 0 -1 bald2x2.dat
1 15 -80 32 20 0 0 1 0 1 0 -1 0 0 bald2x2r.dat
1 15 -80 32 -20 0 0 1 0 1 0 -1 0 0 bald2x2r.dat
1 15 -60 104 -20 0 0 1 0 1 0 -1 0 0 cirrevol.dat
1 0 -60 96 -50 1 0 0 0 1 0 0 0 1 jacena2.dat
1 4 -10 96 -20 1 0 0 0 1 0 0 0 1 cilindro.dat
1 4 10 96 -20 1 0 0 0 1 0 0 0 1 cilindro.dat
1 0 -60 96 -70 1 0 0 0 1 0 0 0 1 jacena4.dat
1 0 -60 96 10 1 0 0 0 1 0 0 0 1 jacena4.dat
1 0 -60 104 -10 1 0 0 0 1 0 0 0 1 placa2x2.dat
1 0 -60 104 -70 1 0 0 0 1 0 0 0 1 placa2x2.dat
1 0 -20 104 -70 1 0 0 0 1 0 0 0 1 placa2.dat
1 0 -20 104 10 1 0 0 0 1 0 0 0 1 placa2.dat
1 0 -80 112 -70 1 0 0 0 1 0 0 0 1 placa2x8.dat
1 0 -80 112 -10 1 0 0 0 1 0 0 0 1 placa2x8.dat
1 1 -30 72 62 -1 0 0 0 0 1 0 1 0 enganch2.dat
1 1 -50 72 -99 1 0 0 0 0 1 0 -1 0 enganch2.dat
1 1 -30 72 -99 0 1 0 1 0 0 0 0 -1 enganch2.dat
1 14 -6 82 -109 0 1 0 1 0 0 0 0 -1 cilindro.dat
1 14 18 82 -109 0 1 0 1 0 0 0 0 -1 cilindro.dat
1 14 -54 82 -109 0 1 0 1 0 0 0 0 -1 cilindro.dat
1 46 -123 82 -109 0 1 0 1 0 0 0 0 -1 amortigu.dat
1 14 -78 82 -109 0 1 0 1 0 0 0 0 -1 ejeastr2.dat
0 MLCAD BTG laser
1 1 -30 92 62 0 1 0 -1 0 0 0 0 1 enganch2.dat
0 MLCAD BTG laser
1 14 -6 82 72 0 1 0 -1 0 0 0 0 1 cilindro.dat
0 MLCAD BTG laser
1 14 18 82 72 0 1 0 -1 0 0 0 0 1 cilindro.dat
0 MLCAD BTG laser
1 14 -54 82 72 0 1 0 -1 0 0 0 0 1 cilindro.dat
0 MLCAD BTG laser
1 46 -123 82 72 0 1 0 -1 0 0 0 0 1 amortigu.dat
0 MLCAD BTG laser
1 14 -78 82 72 0 1 0 -1 0 0 0 0 1 ejeastr2.dat
0 GROUP 6 laser
1 0 -60 96 -10 1 0 0 0 1 0 0 0 1 jacena2.dat
1 15 20 40 -80 0 0 -1 0 1 0 1 0 0 placa4x6.dat
1 1 20 72 -100 0 0 -1 0 1 0 1 0 0 placa4x8.dat
1 1 140 40 60 0 0 1 0 1 0 -1 0 0 placa2x8.dat
1 0 180 40 -30 0 1 0 0 0 1 1 0 0 enganch2.dat
1 4 155 50 -20 0 1 0 0 0 1 1 0 0 cilindro.dat
1 4 131 50 -20 0 1 0 0 0 1 1 0 0 cilindro.dat
1 4 107 50 -20 0 1 0 0 0 1 1 0 0 cilindro.dat
1 4 83 50 -20 0 1 0 0 0 1 1 0 0 cilindro.dat
1 4 59 50 -20 0 1 0 0 0 1 1 0 0 cilindro.dat
1 4 35 50 -20 0 1 0 0 0 1 1 0 0 cilindro.dat
1 4 211 50 -20 0 1 0 0 0 1 1 0 0 cilindro.dat
1 4 211 50 -40 0 1 0 0 0 1 1 0 0 cilindro.dat
1 4 211 50 0 0 1 0 0 0 1 1 0 0 cilindro.dat
1 4 211 70 -20 0 1 0 0 0 1 1 0 0 cilindro.dat
1 4 211 70 -40 0 1 0 0 0 1 1 0 0 cilindro.dat
1 4 211 70 0 0 1 0 0 0 1 1 0 0 cilindro.dat
1 0 187 40 -50 0 1 0 0 0 1 1 0 0 placa2x3.dat
0 MLCAD BTG izquierdo
1 15 -62 112 -60 0.173648 0.984808 0 0 0 1 0.984808 -0.173648 0 enganch2.dat
1 1 70 112 -52 -1 0 0 0 0 1 0 1 0 enganch2.dat
1 1 10 112 -52 -1 0 0 0 0 1 0 1 0 enganch2.dat
1 1 30 153.408 -175.049 -1 0 0 0 0.422618 -0.906308 0 -0.906308 -0.422618 paracq21.dat
1 1 30 152.386 134.052 1 0 0 0 0.422618 -0.906308 0 0.906308 0.422618 paracq21.dat
1 15 -181.518 174.977 -40.313 0 -0.906308 -0.422618 0 0.422618 -0.906308 1 0 0 placa2.dat
1 1 50 112 12 1 0 0 0 0 1 0 -1 0 enganch2.dat
1 1 -10 112 12 1 0 0 0 0 1 0 -1 0 enganch2.dat
1 15 0 122 40 0 0 -1 1 0 0 0 -1 0 antnincl.dat
1 15 60 122 40 0 0 -1 1 0 0 0 -1 0 antnincl.dat
1 15 60 122 -80 0 0 1 1 0 0 0 1 0 antnincl.dat
1 15 0 122 -80 0 0 1 1 0 0 0 1 0 antnincl.dat
0 MLCAD BTG izquierdo
1 15 -88.823 122 -45.117 0 0.984808 -0.173648 1 0 0 0 -0.173648 -0.984808 antnincl.dat
0 GROUP 2 izquierdo
0 MLCAD BTG derecho
1 15 -89.747 122 4.754 0 0.984808 0.173648 1 0 0 0 0.173648 -0.984808 antnincl.dat
0 MLCAD BTG derecho
1 15 -59.451 112 -0.058 -0.173648 0.984808 0 0 0 1 0.984808 0.173648 0 enganch2.dat
0 GROUP 2 derecho
0
