0 Untitled
0 Name: SuperFerrariGuardabarrosTraseroDcho13.ldr
0 Author: MLCad
0 Unofficial Model
0 ROTATION CENTER 0 0 0 1 "Custom" 
0 ROTATION CONFIG 0 0
1 0 32.776 0 44 1 0 0 0 1 0 0 0 1 chimplac.dat
1 0 32.776 -16 44 1 0 0 0 1 0 0 0 1 chimplac.dat
1 0 12.776 -8 44 1 0 0 0 1 0 0 0 1 chimplac.dat
1 0 12.776 -24 44 1 0 0 0 1 0 0 0 1 chimplac.dat
1 0 -7.225 0 40 0.980785 0 -0.19509 0 1 0 0.19509 0 0.980785 chimplac.dat
1 0 -7.225 -16 40 0.980785 0 -0.19509 0 1 0 0.19509 0 0.980785 chimplac.dat
1 0 -25.841 -8 32.098 0.92388 0 -0.382683 0 1 0 0.382683 0 0.92388 chimplac.dat
1 0 -25.841 -24 32.098 0.92388 0 -0.382683 0 1 0 0.382683 0 0.92388 chimplac.dat
1 0 -25.841 -40 32.098 0.92388 0 -0.382683 0 1 0 0.382683 0 0.92388 chimplac.dat
1 0 -25.841 -48 32.098 0.92388 0 -0.382683 0 1 0 0.382683 0 0.92388 placacil.dat
1 0 -45.319 0 28.445 0.980785 0 -0.19509 0 1 0 0.19509 0 0.980785 chimplac.dat
1 0 -45.319 -16 28.445 0.980785 0 -0.19509 0 1 0 0.19509 0 0.980785 chimplac.dat
1 0 -7.225 -32 40 0.980785 0 -0.19509 0 1 0 0.19509 0 0.980785 chimplac.dat
1 0 -45.319 -32 28.445 0.980785 0 -0.19509 0 1 0 0.19509 0 0.980785 chimplac.dat
1 0 -64.934 -8 28.543 1 0 0 0 1 0 0 0 1 chimplac.dat
1 0 -64.934 -24 28.543 1 0 0 0 1 0 0 0 1 chimplac.dat
1 0 -84.933 0 32.543 0.980785 0 0.19509 0 1 0 -0.19509 0 0.980785 chimplac.dat
1 0 -84.933 -8 32.543 0.980785 0 0.19509 0 1 0 -0.19509 0 0.980785 placacil.dat
1 0 -84.933 -16 32.543 0.980785 0 0.19509 0 1 0 -0.19509 0 0.980785 chimplac.dat
1 0 69.777 0 33 0.55557 0 0.83147 0 1 0 -0.83147 0 0.55557 chimplac.dat
1 0 69.777 -16 33 0.55557 0 0.83147 0 1 0 -0.83147 0 0.55557 chimplac.dat
1 0 80.888 -8 16.371 -0.19509 0 0.980785 0 1 0 -0.980785 0 -0.19509 chimplac.dat
1 0 80.888 -24 16.371 -0.19509 0 0.980785 0 1 0 -0.980785 0 -0.19509 chimplac.dat
1 0 76.986 -16 -3.245 -0.19509 0 0.980785 0 1 0 -0.980785 0 -0.19509 placacil.dat
1 0 52.776 -8 44 0.83147 0 0.55557 0 1 0 -0.55557 0 0.83147 chimplac.dat
1 0 42.776 8 34 -1 0 0 0 1 0 0 0 -1 bispqarr.dat
0
