0 Untitled
0 Name: ChugabugaCaldera4.ldr
0 Author: MLCad
0 Unofficial Model
0 ROTATION CENTER -146.281 -130.407 -10 1 "Custom" 
0 ROTATION CONFIG 1 1
0 STEP
0 STEP
1 4 -50 -24 0 0 0 1 0 1 0 -1 0 0 placa2x2.dat
0 STEP
0 STEP
0 STEP
0 STEP
0 STEP
0 STEP
1 4 -30 -32 -20 0 0 -1 0 1 0 1 0 0 popa4p.dat
1 4 -30 -32 -20 0 0 1 0 1 0 -1 0 0 popa4p.dat
1 4 -30 -40 -20 0 0 -1 0 1 0 1 0 0 popa4p.dat
1 4 -30 -40 -20 0 0 1 0 1 0 -1 0 0 popa4p.dat
1 4 -30 -48 -20 0 0 -1 0 1 0 1 0 0 popa4p.dat
1 4 -30 -48 -20 0 0 1 0 1 0 -1 0 0 popa4p.dat
1 4 -30 -56 -20 0 0 -1 0 1 0 1 0 0 popa4p.dat
1 4 -30 -56 -20 0 0 1 0 1 0 -1 0 0 popa4p.dat
1 4 -30 -64 -20 0 0 -1 0 1 0 1 0 0 popa4p.dat
1 4 -30 -64 -20 0 0 1 0 1 0 -1 0 0 popa4p.dat
1 0 -30 -72 -20 0 0 -1 0 1 0 1 0 0 popa4p.dat
1 0 -30 -72 -20 0 0 1 0 1 0 -1 0 0 popa4p.dat
1 4 -30 -80 -20 0 0 -1 0 1 0 1 0 0 popa4p.dat
1 4 -30 -80 -20 0 0 1 0 1 0 -1 0 0 popa4p.dat
1 4 -30 -88 -20 0 0 -1 0 1 0 1 0 0 popa4p.dat
1 4 -30 -88 -20 0 0 1 0 1 0 -1 0 0 popa4p.dat
1 4 -30 -96 -20 0 0 -1 0 1 0 1 0 0 popa4p.dat
1 4 -30 -96 -20 0 0 1 0 1 0 -1 0 0 popa4p.dat
1 4 -30 -104 -20 0 0 -1 0 1 0 1 0 0 popa4p.dat
1 4 -30 -104 -20 0 0 1 0 1 0 -1 0 0 popa4p.dat
1 4 -30 -112 -20 0 0 -1 0 1 0 1 0 0 popa4p.dat
1 4 -30 -112 -20 0 0 1 0 1 0 -1 0 0 popa4p.dat
1 4 -19.266 -120 -9.266 1 0 0 0 1 0 0 0 1 chimenea.dat
1 4 -19.416 -134.189 -9.266 0.980785 0.19509 0 -0.19509 0.980785 0 0 0 1 chimenea.dat
1 4 -61.821 -214.748 -10 -0.382683 -0.923879 0 -0.923879 0.382683 0 0 0 -1 chimenea.dat
1 4 -42.07 -140.558 -10 0.923879 0.382683 0 -0.382683 0.923879 0 0 0 1 chimplac.dat
1 4 -45.386 -200.215 -10 -0.19509 -0.980785 0 -0.980785 0.19509 0 0 0 -1 chimplac.dat
0 MLCAD BTG G2
1 4 -31.443 -121.001 -38.96 0.980785 0 0.19509 0 1 0 -0.19509 0 0.980785 pistola.dat
1 4 -45.131 -147.949 -10 0 0.382683 0.923879 0 0.923879 -0.382683 -1 0 0 cilindro.dat
1 4 -41.051 -221.56 -10 0 -0.980785 -0.19509 0 0.19509 -0.980785 1 0 0 cilindro.dat
1 4 -17.512 -226.242 -10 0 -0.980785 -0.19509 0 0.19509 -0.980785 1 0 0 cilindro.dat
1 4 6.027 -230.924 -10 0 -0.980785 -0.19509 0 0.19509 -0.980785 1 0 0 tubo.dat
1 4 -54.221 -170.27 -10 0 0.382683 0.923879 0 0.923879 -0.382683 -1 0 0 cilindro.dat
1 4 -54.167 -196.27 -20 0 0.382683 -0.923879 0 0.923879 0.382683 1 0 0 enganch2.dat
0 MLCAD BTG G2
1 4 54.855 -136.001 -45.929 0.19509 -0.980785 0 0 0 -1 0.980785 0.19509 0 tubo.dat
0 MLCAD BTG G2
1 4 10.721 -136.001 -37.151 0.19509 -0.980785 0 0 0 -1 0.980785 0.19509 0 ejeastr4.dat
0 GROUP 3 G2
0
